2 1 0 0.9 0.9 0 0.850487 9.81959e-09 0.149513 0.850487 9.81959e-09 0.149513 0.367879 0 0.622158 0 0.788958 0 
1 1 0 0.94 0.94 0 0.850487 3.51235e-16 0.149513 0.850487 3.51235e-16 0.149513 0.367879 0 0.643687 0 0.788958 0 
1 1 0 0.98 0.98 0 0.850487 -1.13892e-29 0.149513 0.850487 -1.13892e-29 0.149513 0.367879 0 0.665962 0 0.788958 0 
1 1 0 1.06 1.06 0 0.850487 9.36772e-30 0.149513 0.850487 9.36772e-30 0.149513 0.367879 0 0.71285 0 0.788958 0 
1 1 0 1.22 1.22 0 0.850487 1.05327e-32 0.149513 0.850487 1.05327e-32 0.149513 0.367879 0 0.816763 0 0.788958 0 
1 1 0 1.45799 1.45799 0 0.850487 -5.27626e-33 0.149513 0.850487 -5.27626e-33 0.149513 0.367879 0 1 0 0.788958 0 
2 1 0 1.77799 1.77799 0 0.850487 9.74858e-33 0.149513 0.850487 9.74858e-33 0.149513 0.367879 0 1.31279 0 0.788958 0 
2 1 0 2.27799 2.27799 0 0.850487 5.01017e-34 0.149513 0.850487 5.01017e-34 0.149513 0.367879 0 2.00852 0 0.788958 0 
2 2 0 1.45799 1.45799 0 0.850487 -5.27626e-33 0.149513 0.850487 -5.27626e-33 0.149513 0.367879 0 2.00852 0 0.788958 0 
2 2 0 1.4312 1.4312 0 0.866443 -0.00358327 0.138 0.866443 -0.00358327 0.138 0.367879 0 2.00852 0 0.788958 0 
2 2 0 1.41527 1.41527 0 0.876156 -0.00575799 0.130984 0.876156 -0.00575799 0.130984 0.370254 0 0.762535 0 1.03304 0 
2 2 0 1.39797 1.39797 0 0.886998 -0.00818097 0.123146 0.886998 -0.00818097 0.123146 0.371279 0 0.752945 0 1.04506 0 
2 2 0 1.36388 1.36388 0 0.909172 -0.0131264 0.107105 0.909172 -0.0131264 0.107105 0.37343 0 0.735058 0 1.06725 0 
2 2 0 1.31403 1.31403 0 0.94366 -0.0208134 0.0821484 0.94366 -0.0208134 0.0821484 0.376946 0 0.710087 0 1.09715 0 
2 2 0 1.24234 1.24234 0 0.99812 -0.0330283 0.0428351 0.99812 -0.0330283 0.0428351 0.3831 0 0.673933 0 1.13663 0 
2 2 0 1.14207 1.14207 0 1.08575 -0.0532597 -0.0197054 1.08575 -0.0532597 -0.0197054 0.395745 0 0.616273 0 1.1872 0 
2 2 0 1.04213 1.04213 0 1.18987 -0.0791649 -0.0917029 1.18987 -0.0791649 -0.0917029 0.42415 0 0.532522 0 1.2331 0 
2 2 0 0.944352 0.944352 35.9098 1.31307 -0.114532 -0.17105 1.31307 -0.114532 -0.17105 0.44051 0.077873 0.44051 -0.077873 1.27175 0 
2 2 0 0.85023 0.85023 23.2805 1.45843 -0.168349 -0.249676 1.45843 -0.168349 -0.249676 0.382856 0.105914 0.382856 -0.105914 1.29358 0 
2 2 0 0.763198 0.763198 23.2805 1.62474 -0.270783 -0.288971 1.62474 -0.270783 -0.288971 0.381145 0 1.24743 0 0.190883 0 
2 2 0 0.737396 0.737396 23.2805 1.68159 -0.349741 -0.247916 1.68159 -0.349741 -0.247916 0.45842 0 1.13782 0 0.0431492 0 
2 2 0 0.732504 0.732504 23.2805 1.69282 -0.40663 -0.188602 1.69282 -0.40663 -0.188602 0.535759 0 0.00437065 0 1 0 
1 2 0 0.737894 0.737894 29.9798 1.68046 -0.468128 -0.0999798 1.68046 -0.468128 -0.0999798 0.720983 0.153356 0.720983 -0.153356 1.5991e-06 0 
1 2 0 0.744147 0.744147 18.0159 1.66634 -0.497058 -0.0499849 1.66634 -0.497058 -0.0499849 0.693701 0.252245 0.693701 -0.252245 9.02163e-14 0 
1 2 0 0.748292 0.748292 15.4704 1.65711 -0.511851 -0.0224116 1.65711 -0.511851 -0.0224116 0.678309 0.291708 0.678309 -0.291708 1.2735e-31 0 
1 2 0 0.73561 0.73561 73.9384 1.68566 -0.453307 -0.123559 1.68566 -0.453307 -0.123559 0.73361 0.0624917 0.73361 -0.0624917 3.88932e-05 0 
1 2 0 0.742503 0.742503 19.5689 1.67003 -0.490438 -0.0618825 1.67003 -0.490438 -0.0618825 0.700258 0.232898 0.700258 -0.232898 5.52323e-11 0 
2 2 0 0.734786 0.734786 19.5689 1.68752 -0.36731 -0.232054 1.68752 -0.36731 -0.232054 0.477927 0 1.1024 0 0.0255901 0 
1 2 0 0.737907 0.737907 29.9168 1.68043 -0.468202 -0.0998575 1.68043 -0.468202 -0.0998575 0.720919 0.153675 0.720919 -0.153675 1.567e-06 0 
1 2 0 0.742076 0.742076 20.0614 1.67099 -0.488626 -0.0650925 1.67099 -0.488626 -0.0650925 0.702022 0.227355 0.702022 -0.227355 2.0879e-10 0 
1 2 0 0.747618 0.747618 15.8137 1.6586 -0.509583 -0.0267182 1.6586 -0.509583 -0.0267182 0.680833 0.285708 0.680833 -0.285708 2.20095e-26 0 
1 2 0 0.734698 0.734698 15.8137 1.68775 -0.445849 -0.134898 1.68775 -0.445849 -0.134898 0.663789 0 0.815519 0 0.000121805 0 
1 2 0 0.741165 0.741165 21.2738 1.67304 -0.484632 -0.0720968 1.67304 -0.484632 -0.0720968 0.705847 0.214752 0.705847 -0.214752 2.51385e-09 0 
1 2 0 0.741171 0.741171 21.2769 1.67303 -0.484647 -0.072069 1.67303 -0.484647 -0.072069 0.705858 0.214722 0.705858 -0.214722 2.50145e-09 0 
1 2 0 0.747952 0.747952 15.6491 1.65786 -0.510705 -0.0245865 1.65786 -0.510705 -0.0245865 0.679645 0.288555 0.679645 -0.288555 9.83271e-29 0 
1 2 0 0.734928 0.734928 15.6491 1.68722 -0.447882 -0.131843 1.68722 -0.447882 -0.131843 0.682138 0 0.793896 0 9.12311e-05 0 
1 2 0 0.742613 0.742613 19.4525 1.66978 -0.490894 -0.0610699 1.66978 -0.490894 -0.0610699 0.699822 0.234246 0.699822 -0.234246 3.86592e-11 0 
1 2 0 0.748377 0.748377 15.4414 1.65692 -0.512123 -0.0218858 1.65692 -0.512123 -0.0218858 0.678089 0.292227 0.678089 -0.292227 2.21834e-32 0 
1 2 0 0.735929 0.735929 55.2406 1.68493 -0.455658 -0.119912 1.68493 -0.455658 -0.119912 0.731657 0.0835811 0.731657 -0.0835811 2.57426e-05 0 
1 2 0 0.743365 0.743365 18.6963 1.66809 -0.493974 -0.0555616 1.66809 -0.493974 -0.0555616 0.696778 0.243395 0.696778 -0.243395 2.57114e-12 0 
2 2 0 0.734474 0.734474 18.6963 1.68828 -0.370228 -0.229201 1.68828 -0.370228 -0.229201 0.481521 0 1.09592 0 0.0230749 0 
1 2 0 0.735117 0.735117 18.6963 1.68681 -0.449379 -0.129576 1.68681 -0.449379 -0.129576 0.701639 0 0.772054 0 7.3101e-05 0 
1 2 0 0.741263 0.741263 21.1349 1.67282 -0.485065 -0.0713406 1.67282 -0.485065 -0.0713406 0.705443 0.216126 0.705443 -0.216126 1.96982e-09 0 
1 2 0 0.745297 0.745297 17.1603 1.66377 -0.501404 -0.0420248 1.66377 -0.501404 -0.0420248 0.689293 0.2643 0.689293 -0.2643 1.61968e-16 0 
1 2 0 0.748675 0.748675 15.3112 1.65626 -0.513097 -0.0200176 1.65626 -0.513097 -0.0200176 0.677083 0.294575 0.677083 -0.294575 1.84824e-35 0 
1 2 0 0.737216 0.737216 34.1406 1.682 -0.464135 -0.106468 1.682 -0.464135 -0.106468 0.724462 0.134855 0.724462 -0.134855 4.42478e-06 0 
1 2 0 0.743149 0.743149 18.9066 1.66858 -0.493094 -0.0571392 1.66858 -0.493094 -0.0571392 0.697662 0.240783 0.697662 -0.240783 5.90826e-12 0 
2 2 0 0.732705 0.732705 18.9066 1.69232 -0.394468 -0.203183 1.69232 -0.394468 -0.203183 0.514923 0 1.03589 0 0.00848744 0 
1 2 0 0.738388 0.738388 27.824 1.67933 -0.470894 -0.095425 1.67933 -0.470894 -0.095425 0.718527 0.165072 0.718527 -0.165072 7.20762e-07 0 
1 2 0 0.745623 0.745623 16.95 1.66304 -0.502589 -0.0398285 1.66304 -0.502589 -0.0398285 0.688105 0.267437 0.688105 -0.267437 1.83092e-17 0 
1 2 0 0.732848 0.732848 16.95 1.692 -0.42233 -0.168313 1.692 -0.42233 -0.168313 0.569808 0 0.944755 0 0.00146267 0 
1 2 0 0.739435 0.739435 24.5929 1.67696 -0.476392 -0.0862292 1.67696 -0.476392 -0.0862292 0.713548 0.186375 0.713548 -0.186375 1.11614e-07 0 
1 2 0 0.745547 0.745547 16.9982 1.66321 -0.502313 -0.0403412 1.66321 -0.502313 -0.0403412 0.688381 0.266712 0.688381 -0.266712 3.10976e-17 0 
1 2 0 0.733481 0.733481 16.9982 1.69055 -0.432789 -0.153896 1.69055 -0.432789 -0.153896 0.600417 0 0.899019 0 0.000569229 0 
1 2 0 0.740297 0.740297 22.7281 1.675 -0.480612 -0.0790443 1.675 -0.480612 -0.0790443 0.709643 0.201337 0.709643 -0.201337 1.92292e-08 0 
1 2 0 0.745987 0.745987 16.7202 1.66223 -0.503906 -0.0373833 1.66223 -0.503906 -0.0373833 0.686755 0.270947 0.686755 -0.270947 1.18595e-18 0 
1 2 0 0.734253 0.734253 16.7202 1.68878 -0.441609 -0.141186 1.68878 -0.441609 -0.141186 0.637212 0 0.848797 0 0.000212294 0 
1 2 0 0.741047 0.741047 21.4563 1.67331 -0.484092 -0.0730339 1.67331 -0.484092 -0.0730339 0.706368 0.212972 0.706368 -0.212972 3.38702e-09 0 
1 2 0 0.746313 0.746313 16.524 1.6615 -0.505068 -0.0352159 1.6615 -0.505068 -0.0352159 0.685556 0.274016 0.685556 -0.274016 7.62722e-20 0 
1 2 0 0.735347 0.735347 133.86 1.68627 -0.451248 -0.126725 1.68627 -0.451248 -0.126725 0.735321 0.0345403 0.735321 -0.0345403 5.46364e-05 0 
1 2 0 0.742129 0.742129 19.9937 1.67087 -0.488858 -0.0646847 1.67087 -0.488858 -0.0646847 0.701787 0.228101 0.701787 -0.228101 1.77287e-10 0 
2 2 0 0.735026 0.735026 19.9937 1.68698 -0.365372 -0.233914 1.68698 -0.365372 -0.233914 0.475629 0 1.10659 0 0.0272802 0 
1 2 0 0.737769 0.737769 30.6289 1.68074 -0.467405 -0.101162 1.68074 -0.467405 -0.101162 0.721622 0.150145 0.721622 -0.150145 1.94414e-06 0 
1 2 0 0.741933 0.741933 20.2356 1.67131 -0.488012 -0.0661755 1.67131 -0.488012 -0.0661755 0.702615 0.225456 0.702615 -0.225456 3.17522e-10 0 
1 2 0 0.747488 0.747488 15.8793 1.65889 -0.509144 -0.0275508 1.65889 -0.509144 -0.0275508 0.681297 0.284587 0.681297 -0.284587 1.45116e-25 0 
1 2 0 0.734582 0.734582 15.8793 1.68802 -0.444797 -0.13647 1.68802 -0.444797 -0.13647 0.656189 0 0.824791 0 0.000140603 0 
1 2 0 0.741015 0.741015 21.5014 1.67338 -0.483951 -0.0732812 1.67338 -0.483951 -0.0732812 0.706493 0.212537 0.706493 -0.212537 3.65331e-09 0 
1 2 0 0.747807 0.747807 15.7047 1.65818 -0.510236 -0.0254889 1.65818 -0.510236 -0.0254889 0.680049 0.287586 0.680049 -0.287586 1.03428e-27 0 
1 2 0 0.735338 0.735338 131.814 1.68628 -0.451239 -0.12674 1.68628 -0.451239 -0.12674 0.735294 0.0350759 0.735294 -0.0350759 5.46324e-05 0 
1 2 0 0.744398 0.744398 17.8221 1.66577 -0.498017 -0.0482333 1.66577 -0.498017 -0.0482333 0.69276 0.254881 0.69276 -0.254881 2.70227e-14 0 
2 2 0 0.733067 0.733067 17.8221 1.69144 -0.38642 -0.212277 1.69144 -0.38642 -0.212277 0.502882 0 1.05722 0 0.012329 0 
1 2 0 0.739394 0.739394 24.6959 1.67705 -0.476185 -0.0865794 1.67705 -0.476185 -0.0865794 0.713737 0.185613 0.713737 -0.185613 1.20697e-07 0 
1 2 0 0.743569 0.743569 18.515 1.66763 -0.494781 -0.0541045 1.66763 -0.494781 -0.0541045 0.695992 0.245694 0.695992 -0.245694 1.14963e-12 0 
1 2 0 0.74895 0.74895 15.192 1.65565 -0.513988 -0.0183068 1.65565 -0.513988 -0.0183068 0.676138 0.296757 0.676138 -0.296757 7.74256e-39 0 
1 2 0 0.747375 0.747375 15.9285 1.65914 -0.508764 -0.0282689 1.65914 -0.508764 -0.0282689 0.681639 0.283752 0.681639 -0.283752 6.58623e-25 0 
2 2 0 0.761231 0.761231 11.8634 1.62894 -0.547863 0.0504094 1.62894 -0.547863 0.0504094 0.637099 0.372968 0.637099 -0.372968 6.8432e+15 0 
2 2 0 0.77974 0.77974 9.65085 1.59027 -0.585982 0.136344 1.59027 -0.585982 0.136344 0.5864 0.446756 0.5864 -0.446756 6.54687e+06 0 
2 2 0 0.80353 0.80353 8.16938 1.54319 -0.623386 0.229808 1.54319 -0.623386 0.229808 0.528525 0.511586 0.528525 -0.511586 51668.4 0 
2 2 0 0.833611 0.833611 7.05956 1.4875 -0.6602 0.331143 1.4875 -0.6602 0.331143 0.461895 0.570285 0.461895 -0.570285 6850.06 0 
2 2 0 0.886501 0.886501 5.89288 1.39876 -0.708645 0.479962 1.39876 -0.708645 0.479962 0.354471 0.641877 0.354471 -0.641877 2246.42 0 
2 2 0 0.956273 0.956273 4.96017 1.2967 -0.754318 0.638654 1.2967 -0.754318 0.638654 0.221559 0.706053 0.221559 -0.706053 2265.36 0 
2 2 0 1.04883 1.04883 4.15493 1.18227 -0.796999 0.806007 1.18227 -0.796999 0.806007 0.0453364 0.773163 0.0453364 -0.773163 14781.5 0 
2 2 0 1.10751 1.10751 3.78173 1.11963 -0.817625 0.894224 1.11963 -0.817625 0.894224 -0.0749786 0.824763 -0.0749786 -0.824763 957342 0 
2 2 0 1.17879 1.17879 3.46124 1.05193 -0.838449 0.987752 1.05193 -0.838449 0.987752 -0.23464 0.940471 -0.23464 -0.940471 5.17044e+38 0 
2 2 0 1.38328 1.38328 5.17669 0.896434 -0.890031 1.2072 0.896434 -0.890031 1.2072 0.618719 1.65859 0.618719 -1.65859 0.0327365 0 
2 2 0 1.42187 1.42187 12.0315 0.872091 -0.908855 1.25489 0.872091 -0.908855 1.25489 1.4681 0.844927 1.4681 -0.844927 0.0793488 0 
2 2 0 1.38318 1.38318 12.0315 0.896482 -0.957172 1.29041 0.896482 -0.957172 1.29041 4.2065 0 0.365672 0 0.219269 0 
2 2 0 1.32559 1.32559 18.4704 0.935435 -0.986487 1.28781 0.935435 -0.986487 1.28781 4.41039 0 0.265377 0.0939262 0.265377 -0.0939262 
2 2 0 1.24197 1.24197 14.7359 0.99841 -1.02827 1.27665 0.99841 -1.02827 1.27665 4.37324 0 0.260315 0.118249 0.260315 -0.118249 
2 2 0 1.15569 1.15569 14.6286 1.07295 -1.07609 1.2614 1.07295 -1.07609 1.2614 4.22803 0 0.266774 0.122191 0.266774 -0.122191 
2 2 0 1.03879 1.03879 15.8456 1.19369 -1.15427 1.2376 1.19369 -1.15427 1.2376 3.99716 0 0.281934 0.118047 0.281934 -0.118047 
2 2 0 0.927972 0.927972 17.9141 1.33625 -1.24939 1.21299 1.33625 -1.24939 1.21299 3.78787 0 0.298793 0.109318 0.298793 -0.109318 
2 2 0 0.826013 0.826013 20.7292 1.50119 -1.36325 1.18924 1.50119 -1.36325 1.18924 3.6169 0 0.314824 0.0984598 0.314824 -0.0984598 
2 2 0 0.734307 0.734307 24.421 1.68867 -1.49677 1.16732 1.68867 -1.49677 1.16732 3.48372 0 0.329038 0.0865755 0.329038 -0.0865755 
2 2 0 0.652988 0.652988 29.3537 1.89896 -1.6505 1.14766 1.89896 -1.6505 1.14766 3.38223 0 0.341195 0.0741692 0.341195 -0.0741692 
2 2 0 0.581398 0.581398 36.3727 2.13279 -1.82508 1.13031 2.13279 -1.82508 1.13031 3.30546 0 0.351416 0.0613164 0.351416 -0.0613164 
2 2 0 0.518526 0.518526 47.7617 2.3914 -2.0214 1.11514 2.3914 -2.0214 1.11514 3.24736 0 0.359956 0.0476283 0.359956 -0.0476283 
2 2 0 0.463286 0.463286 73.0191 2.67653 -2.24068 1.10191 2.67653 -2.24068 1.10191 3.20318 0 0.367091 0.0316659 0.367091 -0.0316659 
2 2 0 0.404131 0.404131 73.0191 3.06831 -2.54534 1.08791 3.06831 -2.54534 1.08791 3.16266 0 0.357162 0 0.391499 0 
2 2 0 0.358384 0.358384 73.0191 3.45997 -2.85258 1.07722 3.45997 -2.85258 1.07722 3.13592 0 0.344267 0 0.415006 0 
2 2 0 0.321963 0.321963 73.0191 3.85138 -3.16145 1.06882 3.85138 -3.16145 1.06882 3.11736 0 0.339175 0 0.428177 0 
2 2 0 0.292279 0.292279 73.0191 4.24251 -3.47143 1.06206 4.24251 -3.47143 1.06206 3.10396 0 0.336323 0 0.437373 0 
2 2 0 0.267622 0.267622 73.0191 4.63341 -3.78218 1.05649 4.63341 -3.78218 1.05649 3.09398 0 0.33451 0 0.444289 0 
2 2 0 0.246811 0.246811 73.0191 5.02409 -4.09349 1.05183 5.02409 -4.09349 1.05183 3.08634 0 0.333272 0 0.449719 0 
2 2 0 0.229011 0.229011 73.0191 5.41459 -4.40522 1.04788 5.41459 -4.40522 1.04788 3.08036 0 0.332382 0 0.45411 0 
2 2 0 0.213611 0.213611 73.0191 5.80493 -4.71728 1.04449 5.80493 -4.71728 1.04449 3.0756 0 0.33172 0 0.45774 0 
2 2 0 0.200157 0.200157 73.0191 6.19515 -5.02959 1.04155 6.19515 -5.02959 1.04155 3.07174 0 0.331212 0 0.460794 0 
2 2 0 0.188299 0.188299 73.0191 6.58526 -5.34211 1.03896 6.58526 -5.34211 1.03896 3.06857 0 0.330813 0 0.463401 0 
2 2 0 0.177771 0.177771 73.0191 6.97527 -5.6548 1.03668 6.97527 -5.6548 1.03668 3.06594 0 0.330494 0 0.465653 0 
2 2 0 0.168359 0.168359 73.0191 7.3652 -5.96763 1.03466 7.3652 -5.96763 1.03466 3.06373 0 0.330234 0 0.467617 0 
2 2 0 0.159895 0.159895 73.0191 7.75507 -6.28057 1.03284 7.75507 -6.28057 1.03284 3.06185 0 0.330021 0 0.469347 0 
2 2 0 0.152243 0.152243 73.0191 8.14487 -6.59361 1.0312 8.14487 -6.59361 1.0312 3.06025 0 0.329842 0 0.470882 0 
2 2 0 0.145291 0.145291 73.0191 8.53462 -6.90673 1.02972 8.53462 -6.90673 1.02972 3.05886 0 0.329692 0 0.472253 0 
2 2 0 0.138946 0.138946 73.0191 8.92432 -7.21992 1.02838 8.92432 -7.21992 1.02838 3.05766 0 0.329563 0 0.473485 0 
2 2 0 0.133133 0.133133 73.0191 9.31399 -7.53317 1.02715 9.31399 -7.53317 1.02715 3.05661 0 0.329453 0 0.474598 0 
2 2 0 0.127787 0.127787 73.0191 9.70361 -7.84648 1.02602 9.70361 -7.84648 1.02602 3.05569 0 0.329358 0 0.475609 0 
2 2 0 0.122855 0.122855 73.0191 10.0932 -8.15983 1.02498 10.0932 -8.15983 1.02498 3.05487 0 0.329275 0 0.476532 0 
2 2 0 0.118289 0.118289 73.0191 10.4828 -8.47322 1.02402 10.4828 -8.47322 1.02402 3.05414 0 0.329203 0 0.477376 0 
2 2 0 0.114051 0.114051 73.0191 10.8723 -8.78665 1.02313 10.8723 -8.78665 1.02313 3.0535 0 0.329139 0 0.478152 0 
2 2 0 0.110106 0.110106 73.0191 11.2618 -9.10012 1.02231 11.2618 -9.10012 1.02231 3.05292 0 0.329082 0 0.478868 0 
2 2 0 0.106426 0.106426 73.0191 11.6513 -9.41361 1.02154 11.6513 -9.41361 1.02154 3.0524 0 0.329031 0 0.479531 0 
2 2 0 0.102983 0.102983 73.0191 12.0408 -9.72713 1.02082 12.0408 -9.72713 1.02082 3.05193 0 0.328986 0 0.480146 0 
2 2 0 0.0997564 0.0997564 73.0191 12.4303 -10.0407 1.02015 12.4303 -10.0407 1.02015 3.0515 0 0.328946 0 0.480718 0 
2 2 0 0.096726 0.096726 73.0191 12.8197 -10.3542 1.01952 12.8197 -10.3542 1.01952 3.05112 0 0.328909 0 0.481251 0 
2 2 0 0.0938743 0.0938743 73.0191 13.2092 -10.6678 1.01893 13.2092 -10.6678 1.01893 3.05076 0 0.328876 0 0.48175 0 
2 2 0 0.091186 0.091186 73.0191 13.5986 -10.9814 1.01838 13.5986 -10.9814 1.01838 3.05044 0 0.328846 0 0.482218 0 
2 2 0 0.0886475 0.0886475 73.0191 13.988 -11.295 1.01785 13.988 -11.295 1.01785 3.05015 0 0.328819 0 0.482657 0 
2 2 0 0.0862466 0.0862466 73.0191 14.3774 -11.6087 1.01736 14.3774 -11.6087 1.01736 3.04988 0 0.328794 0 0.48307 0 
2 2 0 0.0839723 0.0839723 73.0191 14.7668 -11.9223 1.01689 14.7668 -11.9223 1.01689 3.04963 0 0.328771 0 0.483459 0 
2 2 0 0.081815 0.081815 73.0191 15.1561 -12.236 1.01645 15.1561 -12.236 1.01645 3.0494 0 0.32875 0 0.483826 0 
2 2 0 0.0797658 0.0797658 73.0191 15.5455 -12.5496 1.01602 15.5455 -12.5496 1.01602 3.04918 0 0.328731 0 0.484174 0 
2 2 0 0.0778167 0.0778167 73.0191 15.9349 -12.8633 1.01562 15.9349 -12.8633 1.01562 3.04899 0 0.328713 0 0.484503 0 
2 2 0 0.0759607 0.0759607 73.0191 16.3242 -13.177 1.01524 16.3242 -13.177 1.01524 3.0488 0 0.328697 0 0.484815 0 
2 2 0 0.0741912 0.0741912 73.0191 16.7136 -13.4907 1.01488 16.7136 -13.4907 1.01488 3.04863 0 0.328682 0 0.485111 0 
2 2 0 0.0725023 0.0725023 73.0191 17.1029 -13.8044 1.01453 17.1029 -13.8044 1.01453 3.04847 0 0.328668 0 0.485393 0 
2 2 0 0.0708885 0.0708885 73.0191 17.4923 -14.1181 1.0142 17.4923 -14.1181 1.0142 3.04833 0 0.328655 0 0.485661 0 
2 2 0 0.0693451 0.0693451 73.0191 17.8816 -14.4318 1.01389 17.8816 -14.4318 1.01389 3.04819 0 0.328642 0 0.485917 0 
2 2 0 0.0678675 0.0678675 73.0191 18.2709 -14.7456 1.01359 18.2709 -14.7456 1.01359 3.04806 0 0.328631 0 0.486161 0 
2 2 0 0.0664515 0.0664515 73.0191 18.6602 -15.0593 1.0133 18.6602 -15.0593 1.0133 3.04794 0 0.328621 0 0.486394 0 
2 2 0 0.0650934 0.0650934 73.0191 19.0495 -15.373 1.01302 19.0495 -15.373 1.01302 3.04782 0 0.328611 0 0.486617 0 
2 2 0 0.0637898 0.0637898 73.0191 19.4388 -15.6868 1.01276 19.4388 -15.6868 1.01276 3.04772 0 0.328601 0 0.48683 0 
2 2 0 0.0625373 0.0625373 73.0191 19.8282 -16.0005 1.0125 19.8282 -16.0005 1.0125 3.04762 0 0.328593 0 0.487035 0 
2 2 0 0.0613331 0.0613331 73.0191 20.2175 -16.3143 1.01226 20.2175 -16.3143 1.01226 3.04752 0 0.328584 0 0.487231 0 
2 2 0 0.0601745 0.0601745 73.0191 20.6068 -16.628 1.01202 20.6068 -16.628 1.01202 3.04743 0 0.328577 0 0.487419 0 
2 2 0 0.0590587 0.0590587 73.0191 20.996 -16.9418 1.01179 20.996 -16.9418 1.01179 3.04735 0 0.328569 0 0.4876 0 
2 2 0 0.0579837 0.0579837 73.0191 21.3853 -17.2556 1.01158 21.3853 -17.2556 1.01158 3.04727 0 0.328563 0 0.487773 0 
2 2 0 0.056947 0.056947 73.0191 21.7746 -17.5693 1.01137 21.7746 -17.5693 1.01137 3.04719 0 0.328556 0 0.487941 0 
2 2 0 0.0559468 0.0559468 73.0191 22.1639 -17.8831 1.01116 22.1639 -17.8831 1.01116 3.04712 0 0.32855 0 0.488101 0 
2 2 0 0.0549811 0.0549811 73.0191 22.5532 -18.1969 1.01097 22.5532 -18.1969 1.01097 3.04705 0 0.328544 0 0.488257 0 
2 2 0 0.0540482 0.0540482 73.0191 22.9425 -18.5107 1.01078 22.9425 -18.5107 1.01078 3.04699 0 0.328539 0 0.488406 0 
2 2 0 0.0531465 0.0531465 73.0191 23.3318 -18.8245 1.0106 23.3318 -18.8245 1.0106 3.04693 0 0.328534 0 0.48855 0 
2 2 0 0.0522743 0.0522743 73.0191 23.721 -19.1383 1.01042 23.721 -19.1383 1.01042 3.04687 0 0.328529 0 0.48869 0 
2 2 0 0.0514303 0.0514303 73.0191 24.1103 -19.4521 1.01025 24.1103 -19.4521 1.01025 3.04681 0 0.328524 0 0.488824 0 
2 2 0 0.0506131 0.0506131 73.0191 24.4996 -19.7659 1.01008 24.4996 -19.7659 1.01008 3.04676 0 0.32852 0 0.488954 0 
2 2 0 0.0498215 0.0498215 73.0191 24.8888 -20.0796 1.00992 24.8888 -20.0796 1.00992 3.04671 0 0.328516 0 0.48908 0 
2 2 0 0.0490543 0.0490543 73.0191 25.2781 -20.3934 1.00977 25.2781 -20.3934 1.00977 3.04666 0 0.328511 0 0.489201 0 
2 2 0 0.0483104 0.0483104 73.0191 25.6674 -20.7073 1.00962 25.6674 -20.7073 1.00962 3.04662 0 0.328508 0 0.489319 0 
2 2 0 0.0475886 0.0475886 73.0191 26.0566 -21.0211 1.00947 26.0566 -21.0211 1.00947 3.04657 0 0.328504 0 0.489433 0 
2 2 0 0.0468882 0.0468882 73.0191 26.4459 -21.3349 1.00933 26.4459 -21.3349 1.00933 3.04653 0 0.328501 0 0.489544 0 
2 2 0 0.046208 0.046208 73.0191 26.8352 -21.6487 1.00919 26.8352 -21.6487 1.00919 3.04649 0 0.328497 0 0.489651 0 
2 2 0 0.0455473 0.0455473 73.0191 27.2244 -21.9625 1.00906 27.2244 -21.9625 1.00906 3.04645 0 0.328494 0 0.489755 0 
2 2 0 0.0449053 0.0449053 73.0191 27.6137 -22.2763 1.00893 27.6137 -22.2763 1.00893 3.04642 0 0.328491 0 0.489856 0 
2 2 0 0.0442811 0.0442811 73.0191 28.0029 -22.5901 1.00881 28.0029 -22.5901 1.00881 3.04638 0 0.328488 0 0.489954 0 
2 2 0 0.043674 0.043674 73.0191 28.3922 -22.9039 1.00868 28.3922 -22.9039 1.00868 3.04635 0 0.328485 0 0.490049 0 
2 2 0 0.0430833 0.0430833 73.0191 28.7814 -23.2177 1.00856 28.7814 -23.2177 1.00856 3.04632 0 0.328483 0 0.490141 0 
2 2 0 0.0425084 0.0425084 73.0191 29.1707 -23.5316 1.00845 29.1707 -23.5316 1.00845 3.04628 0 0.32848 0 0.490231 0 
2 2 0 0.0419487 0.0419487 73.0191 29.5599 -23.8454 1.00834 29.5599 -23.8454 1.00834 3.04625 0 0.328478 0 0.490319 0 
2 2 0 0.0414035 0.0414035 73.0191 29.9492 -24.1592 1.00823 29.9492 -24.1592 1.00823 3.04623 0 0.328475 0 0.490404 0 
2 2 0 0.0408722 0.0408722 73.0191 30.3384 -24.473 1.00812 30.3384 -24.473 1.00812 3.0462 0 0.328473 0 0.490486 0 
2 2 0 0.0403545 0.0403545 73.0191 30.7277 -24.7869 1.00802 30.7277 -24.7869 1.00802 3.04617 0 0.328471 0 0.490567 0 
2 2 0 0.0398497 0.0398497 73.0191 31.1169 -25.1007 1.00791 31.1169 -25.1007 1.00791 3.04615 0 0.328469 0 0.490646 0 
2 2 0 0.0393574 0.0393574 73.0191 31.5062 -25.4145 1.00781 31.5062 -25.4145 1.00781 3.04612 0 0.328467 0 0.490722 0 
2 2 0 0.0388771 0.0388771 73.0191 31.8954 -25.7283 1.00772 31.8954 -25.7283 1.00772 3.0461 0 0.328465 0 0.490796 0 
2 2 0 0.0384083 0.0384083 73.0191 32.2847 -26.0422 1.00762 32.2847 -26.0422 1.00762 3.04608 0 0.328463 0 0.490869 0 
2 2 0 0.0379508 0.0379508 73.0191 32.6739 -26.356 1.00753 32.6739 -26.356 1.00753 3.04605 0 0.328461 0 0.49094 0 
2 2 0 0.037504 0.037504 73.0191 33.0632 -26.6698 1.00744 33.0632 -26.6698 1.00744 3.04603 0 0.32846 0 0.491009 0 
2 2 0 0.0370676 0.0370676 73.0191 33.4524 -26.9837 1.00736 33.4524 -26.9837 1.00736 3.04601 0 0.328458 0 0.491077 0 
2 2 0 0.0366413 0.0366413 73.0191 33.8416 -27.2975 1.00727 33.8416 -27.2975 1.00727 3.04599 0 0.328456 0 0.491142 0 
2 2 0 0.0362246 0.0362246 73.0191 34.2309 -27.6113 1.00719 34.2309 -27.6113 1.00719 3.04597 0 0.328455 0 0.491207 0 
2 2 0 0.0358173 0.0358173 73.0191 34.6201 -27.9252 1.0071 34.6201 -27.9252 1.0071 3.04596 0 0.328453 0 0.491269 0 
2 2 0 0.0354191 0.0354191 73.0191 35.0093 -28.239 1.00702 35.0093 -28.239 1.00702 3.04594 0 0.328452 0 0.491331 0 
2 2 0 0.0350296 0.0350296 73.0191 35.3986 -28.5528 1.00695 35.3986 -28.5528 1.00695 3.04592 0 0.32845 0 0.491391 0 
2 2 0 0.0346487 0.0346487 73.0191 35.7878 -28.8667 1.00687 35.7878 -28.8667 1.00687 3.0459 0 0.328449 0 0.491449 0 
2 2 0 0.0342759 0.0342759 73.0191 36.1771 -29.1805 1.0068 36.1771 -29.1805 1.0068 3.04589 0 0.328448 0 0.491506 0 
2 2 0 0.033911 0.033911 73.0191 36.5663 -29.4944 1.00672 36.5663 -29.4944 1.00672 3.04587 0 0.328446 0 0.491562 0 
2 2 0 0.0335538 0.0335538 73.0191 36.9555 -29.8082 1.00665 36.9555 -29.8082 1.00665 3.04586 0 0.328445 0 0.491617 0 
2 2 0 0.0332041 0.0332041 73.0191 37.3448 -30.1221 1.00658 37.3448 -30.1221 1.00658 3.04584 0 0.328444 0 0.491671 0 
2 2 0 0.0328616 0.0328616 73.0191 37.734 -30.4359 1.00651 37.734 -30.4359 1.00651 3.04583 0 0.328443 0 0.491723 0 
2 2 0 0.0325261 0.0325261 73.0191 38.1232 -30.7497 1.00645 38.1232 -30.7497 1.00645 3.04582 0 0.328442 0 0.491775 0 
2 2 0 0.0321974 0.0321974 73.0191 38.5125 -31.0636 1.00638 38.5125 -31.0636 1.00638 3.0458 0 0.328441 0 0.491825 0 
2 2 0 0.0318752 0.0318752 73.0191 38.9017 -31.3774 1.00632 38.9017 -31.3774 1.00632 3.04579 0 0.32844 0 0.491874 0 
2 2 0 0.0315595 0.0315595 73.0191 39.2909 -31.6913 1.00625 39.2909 -31.6913 1.00625 3.04578 0 0.328439 0 0.491922 0 
2 2 0 0.0312499 0.0312499 73.0191 39.6802 -32.0051 1.00619 39.6802 -32.0051 1.00619 3.04576 0 0.328438 0 0.49197 0 
2 2 0 0.0309463 0.0309463 73.0191 40.0694 -32.319 1.00613 40.0694 -32.319 1.00613 3.04575 0 0.328437 0 0.492016 0 
2 2 0 0.0306486 0.0306486 73.0191 40.4586 -32.6328 1.00607 40.4586 -32.6328 1.00607 3.04574 0 0.328436 0 0.492061 0 
2 2 0 0.0303566 0.0303566 73.0191 40.8478 -32.9467 1.00601 40.8478 -32.9467 1.00601 3.04573 0 0.328435 0 0.492106 0 
2 2 0 0.03007 0.03007 73.0191 41.2371 -33.2605 1.00595 41.2371 -33.2605 1.00595 3.04572 0 0.328434 0 0.492149 0 
2 2 0 0.0297889 0.0297889 73.0191 41.6263 -33.5744 1.0059 41.6263 -33.5744 1.0059 3.04571 0 0.328433 0 0.492192 0 
2 2 0 0.0295129 0.0295129 73.0191 42.0155 -33.8882 1.00584 42.0155 -33.8882 1.00584 3.0457 0 0.328432 0 0.492234 0 
2 2 0 0.029242 0.029242 73.0191 42.4048 -34.2021 1.00579 42.4048 -34.2021 1.00579 3.04569 0 0.328432 0 0.492275 0 
2 2 0 0.028976 0.028976 73.0191 42.794 -34.5159 1.00574 42.794 -34.5159 1.00574 3.04568 0 0.328431 0 0.492316 0 
2 2 0 0.0287149 0.0287149 73.0191 43.1832 -34.8298 1.00568 43.1832 -34.8298 1.00568 3.04567 0 0.32843 0 0.492355 0 
2 2 0 0.0284584 0.0284584 73.0191 43.5724 -35.1436 1.00563 43.5724 -35.1436 1.00563 3.04566 0 0.328429 0 0.492394 0 
2 2 0 0.0282064 0.0282064 73.0191 43.9617 -35.4575 1.00558 43.9617 -35.4575 1.00558 3.04565 0 0.328429 0 0.492433 0 
2 2 0 0.0279589 0.0279589 73.0191 44.3509 -35.7713 1.00553 44.3509 -35.7713 1.00553 3.04564 0 0.328428 0 0.49247 0 
2 2 0 0.0277156 0.0277156 73.0191 44.7401 -36.0852 1.00548 44.7401 -36.0852 1.00548 3.04563 0 0.328427 0 0.492507 0 
2 2 0 0.0274766 0.0274766 73.0191 45.1293 -36.399 1.00544 45.1293 -36.399 1.00544 3.04563 0 0.328427 0 0.492543 0 
2 2 0 0.0272416 0.0272416 73.0191 45.5186 -36.7129 1.00539 45.5186 -36.7129 1.00539 3.04562 0 0.328426 0 0.492579 0 
2 2 0 1.45799 1.45799 73.0191 0.850487 -5.27626e-33 0.149513 0.850487 -5.27626e-33 0.149513 3.04562 0 0.328426 0 0.492579 0 
2 2 0 1.48595 1.48595 73.0191 0.834523 0.0036015 0.161011 0.834523 0.0036015 0.161011 3.04562 0 0.328426 0 0.492579 0 
1 2 0 1.5023 1.5023 73.0191 0.825403 0.00566813 0.167569 0.825403 0.00566813 0.167569 0.365619 0 0.826031 0 0.955279 0 
1 2 0 1.52049 1.52049 73.0191 0.815524 0.00791489 0.174662 0.815524 0.00791489 0.174662 0.364741 0 0.851012 0 0.926957 0 
1 2 0 1.5573 1.5573 89.3779 0.796251 0.0123266 0.188464 0.796251 0.0123266 0.188464 0.363044 0 0.885455 0.0623494 0.885455 -0.0623494 
1 2 0 1.61347 1.61347 51.6817 0.768528 0.0187496 0.208223 0.768528 0.0187496 0.208223 0.360627 0 0.879731 0.107483 0.879731 -0.107483 
1 2 0 1.69971 1.69971 36.9285 0.729537 0.027971 0.235779 0.729537 0.027971 0.235779 0.357243 0 0.870327 0.149527 0.870327 -0.149527 
1 2 0 1.83281 1.83281 28.338 0.676557 0.0409388 0.272679 0.676557 0.0409388 0.272679 0.352595 0 0.854816 0.1927 0.854816 -0.1927 
1 2 0 1.9833 1.9833 23.7027 0.62522 0.0540967 0.3077 0.62522 0.0540967 0.3077 0.347925 0 0.836443 0.22707 0.836443 -0.22707 
1 2 0 2.15249 2.15249 20.6731 0.576076 0.0673426 0.340419 0.576076 0.0673426 0.340419 0.343174 0 0.815349 0.255733 0.815349 -0.255733 
2 3 0 0.74117 0.74117 20.6731 1.67303 -0.484647 -0.072069 1.67303 -0.484647 -0.072069 0.343174 0 0.815349 0.255733 0.815349 -0.255733 
1 3 0 1.95699 1.95699 20.6731 0.633647 0.0518922 0.302007 0.633647 0.0518922 0.302007 0.343174 0 0.815349 0.255733 0.815349 -0.255733 
1 3 0 1.95693 1.95693 20.6731 0.633647 0.0518922 0.302007 0.633647 0.0518922 0.302007 0.343174 0 0.815349 0.255733 0.815349 -0.255733 
2 3 0 0.74117 0.74117 20.6731 1.67303 -0.484647 -0.072069 1.67303 -0.484647 -0.072069 0.343174 0 0.815349 0.255733 0.815349 -0.255733 
1 3 0 0.732768 0.732768 20.6731 1.6923 -0.394243 -0.203444 1.6923 -0.394243 -0.203444 0.343174 0 0.815349 0.255733 0.815349 -0.255733 
2 3 0 0.733479 0.733479 20.6731 1.69057 -0.380916 -0.218237 1.69057 -0.380916 -0.218237 0.495216 0 1.07107 0 0.0154829 0 
2 3 0 0.734834 0.734834 20.6731 1.68746 -0.367082 -0.232274 1.68746 -0.367082 -0.232274 0.477736 0 1.10282 0 0.0256776 0 
2 3 0 0.738172 0.738172 20.6731 1.67983 -0.345512 -0.251391 1.67983 -0.345512 -0.251391 0.454035 0 1.14565 0 0.048221 0 
2 3 0 0.746481 0.746481 20.6731 1.66113 -0.312318 -0.273853 1.66113 -0.312318 -0.273853 0.422194 0 1.19879 0 0.0990163 0 
2 3 0 0.759957 0.759957 20.6731 1.63167 -0.277496 -0.287577 1.63167 -0.277496 -0.287577 0.388681 0 1.24079 0 0.173517 0 
2 3 0 0.778452 0.778452 20.6731 1.59291 -0.244132 -0.290181 1.59291 -0.244132 -0.290181 1.26937 0 0.323884 0 0.291882 0 
2 3 0 0.801368 0.801368 25.8778 1.54735 -0.213694 -0.282374 1.54735 -0.213694 -0.282374 1.28599 0 0.336352 0.0833107 0.336352 -0.0833107 
2 3 0 0.828518 0.828518 22.9209 1.49665 -0.186167 -0.265801 1.49665 -0.186167 -0.265801 0.364186 0.10241 0.364186 -0.10241 1.29314 0 
2 3 0 0.860212 0.860212 23.7852 1.4415 -0.161075 -0.241772 1.4415 -0.161075 -0.241772 0.390575 0.105645 0.390575 -0.105645 1.29275 0 
2 3 0 0.897131 0.897131 27.079 1.38218 -0.137933 -0.211147 1.38218 -0.137933 -0.211147 0.415345 0.0981408 0.415345 -0.0981408 1.28592 0 
2 3 0 0.940266 0.940266 34.7937 1.31878 -0.116347 -0.174505 1.31878 -0.116347 -0.174505 0.43856 0.0800693 0.43856 -0.0800693 1.27314 0 
2 3 0 0.990924 0.990924 67.0982 1.25136 -0.0959973 -0.132321 1.25136 -0.0959973 -0.132321 0.460381 0.0432373 0.460381 -0.0432373 1.25443 0 
2 3 0 1.05075 1.05075 67.0982 1.18011 -0.0766164 -0.08511 1.18011 -0.0766164 -0.08511 0.419857 0 0.542241 0 1.22934 0 
2 3 0 1.12174 1.12174 67.0982 1.10543 -0.0579648 -0.0335537 1.10543 -0.0579648 -0.0335537 0.399396 0 0.602495 0 1.19691 0 
2 3 0 1.20623 1.20623 67.0982 1.02799 -0.0398192 0.0213834 1.02799 -0.0398192 0.0213834 0.386922 0 0.654602 0 1.15538 0 
2 3 0 1.30682 1.30682 67.0982 0.948867 -0.0219756 0.0783824 0.948867 -0.0219756 0.0783824 0.377499 0 0.706509 0 1.10128 0 
2 3 0 1.4261 1.4261 67.0982 0.869506 -0.00426946 0.135788 0.869506 -0.00426946 0.135788 0.369631 0 0.768793 0 1.02518 0 
1 3 0 1.45963 1.45963 67.0982 0.849532 0.000214895 0.150202 0.849532 0.000214895 0.150202 0.367792 0 0.9986 0 0.790088 0 
1 3 0 1.58874 1.58874 61.2737 0.780495 0.0159649 0.199709 0.780495 0.0159649 0.199709 0.361668 0 0.882297 0.0907919 0.882297 -0.0907919 
1 3 0 1.73783 1.73783 33.6238 0.713532 0.0318306 0.246999 0.713532 0.0318306 0.246999 0.35585 0 0.865986 0.163735 0.865986 -0.163735 
1 3 0 1.90835 1.90835 25.6611 0.649774 0.0477233 0.291049 0.649774 0.0477233 0.291049 0.350187 0 0.845668 0.211304 0.845668 -0.211304 
1 3 0 2.10155 2.10155 21.4411 0.59004 0.0635086 0.331209 0.59004 0.0635086 0.331209 0.34456 0 0.821719 0.247938 0.821719 -0.247938 
2 4 0 1.38318 1.38318 21.4411 0.896482 -0.957172 1.29041 0.896482 -0.957172 1.29041 0.34456 0 0.821719 0.247938 0.821719 -0.247938 
1 4 0 1.39829 1.39829 21.4411 0.886796 -0.948393 1.28921 0.886796 -0.948393 1.28921 0.34456 0 0.821719 0.247938 0.821719 -0.247938 
2 4 0 1.41274 1.41274 21.4411 0.877728 -0.938463 1.28597 0.877728 -0.938463 1.28597 3.77029 0 0.533963 0 0.158198 0 
2 4 0 1.42664 1.42664 21.4411 0.869172 -0.918847 1.2702 0.869172 -0.918847 1.2702 2.57696 0 0.105572 0 0.999051 0 
2 4 0 1.42664 1.42664 21.4411 0.869172 -0.918806 1.27015 0.869172 -0.918806 1.27015 2.57261 0 0.105466 0 1.00122 0 
2 4 0 1.41667 1.41667 8.76945 0.875291 -0.904623 1.24644 0.875291 -0.904623 1.24644 1.30137 1.13332 1.30137 -1.13332 0.0683739 0 
2 4 0 1.38176 1.38176 5.12403 0.897403 -0.889547 1.20564 0.897403 -0.889547 1.20564 0.597433 1.66465 0.597433 -1.66465 0.0317356 0 
2 4 0 1.34427 1.34427 4.17774 0.922432 -0.878961 1.16748 0.922432 -0.878961 1.16748 0.112937 1.68741 0.112937 -1.68741 0.0119925 0 
2 4 0 1.30321 1.30321 3.68335 0.9515 -0.86892 1.12596 0.9515 -0.86892 1.12596 -0.205234 1.51058 -0.205234 -1.51058 0.00205786 0 
2 4 0 1.24364 1.24364 3.40008 0.997076 -0.85482 1.0629 0.997076 -0.85482 1.0629 -0.334741 1.17669 -0.334741 -1.17669 8.55355e-07 0 
2 4 0 1.41892 1.41892 9.71097 0.873909 -0.906253 1.24984 0.873909 -0.906253 1.24984 1.36766 1.03328 1.36766 -1.03328 0.0725823 0 
2 4 0 1.31982 1.31982 3.84416 0.939524 -0.872891 1.14286 0.939524 -0.872891 1.14286 -0.101798 1.59645 -0.101798 -1.59645 0.00482363 0 
2 4 0 1.26985 1.26985 3.47563 0.976494 -0.861057 1.09122 0.976494 -0.861057 1.09122 -0.318355 1.31811 -0.318355 -1.31811 0.000117036 0 
2 4 0 1.21723 1.21723 3.38883 1.01871 -0.848359 1.03326 1.01871 -0.848359 1.03326 -0.308584 1.05998 -0.308584 -1.05998 3.84588e-13 0 
2 4 0 0.960662 0.960662 4.91369 1.29078 -0.756722 0.647559 1.29078 -0.756722 0.647559 0.213322 0.709453 0.213322 -0.709453 2347.29 0 
2 4 0 0.913156 0.913156 5.48462 1.35793 -0.727971 0.544756 1.35793 -0.727971 0.544756 0.303013 0.66917 0.303013 -0.66917 1975.16 0 
2 4 0 0.851892 0.851892 6.58111 1.45558 -0.678816 0.386148 1.45558 -0.678816 0.386148 0.423694 0.598449 0.423694 -0.598449 3843.34 0 
2 4 0 0.797207 0.797207 8.48703 1.55543 -0.61434 0.206351 1.55543 -0.61434 0.206351 0.543345 0.49645 0.543345 -0.49645 113544 0 
2 4 0 0.772696 0.772696 10.3122 1.60477 -0.572724 0.105407 1.60477 -0.572724 0.105407 0.604909 0.422148 0.604909 -0.422148 2.29222e+08 0 
2 4 0 0.761027 0.761027 11.8992 1.62938 -0.547375 0.0493684 1.62938 -0.547375 0.0493684 0.6377 0.371956 0.6377 -0.371956 1.37364e+16 0 
2 4 0 0.831973 0.831973 7.10795 1.49047 -0.65839 0.325934 1.49047 -0.65839 0.325934 0.465391 0.567535 0.465391 -0.567535 7344.17 0 
2 4 0 0.805234 0.805234 8.0904 1.53993 -0.625732 0.235981 1.53993 -0.625732 0.235981 0.524589 0.515462 0.524589 -0.515462 43180.4 0 
2 4 0 0.771241 0.771241 10.4703 1.6078 -0.569816 0.0987729 1.6078 -0.569816 0.0987729 0.608839 0.416615 0.608839 -0.416615 6.58891e+08 0 
1 4 0 0.732991 0.732991 10.4703 1.69168 -0.425153 -0.164492 1.69168 -0.425153 -0.164492 0.577191 0 0.933387 0 0.00115685 0 
2 4 0 0.732504 0.732504 10.4703 1.69282 -0.406335 -0.188968 1.69282 -0.406335 -0.188968 0.535207 0 0.00444897 0 1.00093 0 
2 4 0 0.930189 0.930189 32.417 1.33306 -0.120976 -0.183051 1.33306 -0.120976 -0.183051 0.433583 0.0851073 0.433583 -0.0851073 1.27645 0 
2 4 0 1.06703 1.06703 32.417 1.1621 -0.0719849 -0.0728404 1.1621 -0.0719849 -0.0728404 0.413401 0 0.558558 0 1.22212 0 
2 4 0 1.24637 1.24637 32.417 0.994885 -0.0322978 0.0451639 0.994885 -0.0322978 0.0451639 0.382708 0 0.67603 0 1.13449 0 
1 4 0 1.45797 1.45797 32.417 0.850487 3.24611e-13 0.149513 0.850487 3.24611e-13 0.149513 0.367879 0 0.999983 0 0.788958 0 
2 4 0 1.73297 1.73297 32.417 0.850487 -3.68697e-12 0.149513 0.850487 -3.68697e-12 0.149513 0.367879 0 1.26348 0 0.788958 0 
2 4 0 2.23297 2.23297 32.417 0.850487 -1.94416e-21 0.149513 0.850487 -1.94416e-21 0.149513 0.367879 0 1.93307 0 0.788958 0 
2 4 0 1.38318 1.38318 32.417 0.896482 -0.957172 1.29041 0.896482 -0.957172 1.29041 0.367879 0 1.93307 0 0.788958 0 
2 4 0 1.3679 1.3679 32.417 0.906497 -0.965327 1.29051 0.906497 -0.965327 1.29051 0.367879 0 1.93307 0 0.788958 0 
2 4 0 1.35261 1.35261 26.0902 0.916746 -0.973119 1.28992 0.916746 -0.973119 1.28992 4.36019 0 0.273288 0.0671171 0.273288 -0.0671171 
2 4 0 1.32978 1.32978 19.0605 0.932487 -0.98443 1.28821 0.932487 -0.98443 1.28821 4.40585 0 0.266276 0.0911004 0.266276 -0.0911004 
2 4 0 1.29596 1.29596 16.1038 0.956817 -1.00103 1.28446 0.956817 -1.00103 1.28446 4.41959 0 0.261317 0.107467 0.261317 -0.107467 
2 4 0 1.24651 1.24651 14.789 0.994777 -1.02592 1.27737 0.994777 -1.02592 1.27737 4.3791 0 0.260191 0.117713 0.260191 -0.117713 
2 4 0 1.17564 1.17564 14.5452 1.05475 -1.06443 1.26514 1.05475 -1.06443 1.26514 4.26543 0 0.264752 0.122054 0.264752 -0.122054 
2 4 0 1.07749 1.07749 15.3263 1.15082 -1.12629 1.24578 1.15082 -1.12629 1.24578 4.07394 0 0.276462 0.120147 0.276462 -0.120147 
2 4 0 0.981316 0.981316 16.8079 1.26361 -1.20052 1.22503 1.26361 -1.20052 1.22503 3.88606 0 0.290528 0.113965 0.290528 -0.113965 
2 4 0 0.889388 0.889388 18.8585 1.39422 -1.28897 1.20411 1.39422 -1.28897 1.20411 3.72044 0 0.304852 0.105502 0.304852 -0.105502 
2 4 0 0.803428 0.803428 21.5124 1.54339 -1.39296 1.18388 1.54339 -1.39296 1.18388 3.58225 0 0.318359 0.0957216 0.318359 -0.0957216 
2 4 0 0.724424 0.724424 24.9156 1.71171 -1.51342 1.16494 1.71171 -1.51342 1.16494 3.47056 0 0.330542 0.0851689 0.330542 -0.0851689 
2 4 0 0.652677 0.652677 29.3772 1.89987 -1.65117 1.14758 1.89987 -1.65117 1.14758 3.38188 0 0.34124 0.0741178 0.34124 -0.0741178 
2 4 0 0.588004 0.588004 35.5498 2.10883 -1.80705 1.13191 2.10883 -1.80705 1.13191 3.31206 0 0.350494 0.0626007 0.350494 -0.0626007 
2 4 0 0.529939 0.529939 45.0181 2.33989 -1.98208 1.11788 2.33989 -1.98208 1.11788 3.25728 0 0.358438 0.0503547 0.358438 -0.0503547 
2 4 0 0.461403 0.461403 74.6489 2.68746 -2.24913 1.10146 2.68746 -2.24913 1.10146 3.20179 0 0.367328 0.0309912 0.367328 -0.0309912 
2 4 0 0.402697 0.402697 74.6489 3.07923 -2.55387 1.08757 3.07923 -2.55387 1.08757 3.16176 0 0.356463 0 0.392538 0 
2 4 0 0.357257 0.357257 74.6489 3.47089 -2.86117 1.07696 3.47089 -2.86117 1.07696 3.13531 0 0.344071 0 0.415457 0 
2 4 0 0.321053 0.321053 74.6489 3.86229 -3.17008 1.06862 3.86229 -3.17008 1.06862 3.11693 0 0.339074 0 0.428476 0 
2 4 0 0.29153 0.29153 74.6489 4.25342 -3.48008 1.06189 4.25342 -3.48008 1.06189 3.10364 0 0.336261 0 0.437591 0 
2 4 0 0.266994 0.266994 74.6489 4.6443 -3.79085 1.05635 4.6443 -3.79085 1.05635 3.09374 0 0.334469 0 0.444457 0 
2 4 0 0.246277 0.246277 74.6489 5.03498 -4.10217 1.05172 5.03498 -4.10217 1.05172 3.08615 0 0.333243 0 0.449853 0 
2 4 0 0.228552 0.228552 74.6489 5.42547 -4.41392 1.04778 5.42547 -4.41392 1.04778 3.08021 0 0.332361 0 0.45422 0 
2 4 0 0.213212 0.213212 74.6489 5.81582 -4.72598 1.0444 5.81582 -4.72598 1.0444 3.07548 0 0.331704 0 0.457832 0 
2 4 0 0.199806 0.199806 74.6489 6.20603 -5.0383 1.04147 6.20603 -5.0383 1.04147 3.07164 0 0.331199 0 0.460872 0 
2 4 0 0.187989 0.187989 74.6489 6.59613 -5.35083 1.0389 6.59613 -5.35083 1.0389 3.06849 0 0.330803 0 0.463468 0 
2 4 0 0.177494 0.177494 74.6489 6.98614 -5.66352 1.03662 6.98614 -5.66352 1.03662 3.06587 0 0.330486 0 0.465711 0 
2 4 0 0.168111 0.168111 74.6489 7.37607 -5.97635 1.0346 7.37607 -5.97635 1.0346 3.06367 0 0.330228 0 0.467669 0 
2 4 0 0.159672 0.159672 74.6489 7.76594 -6.2893 1.03279 7.76594 -6.2893 1.03279 3.0618 0 0.330015 0 0.469393 0 
2 4 0 0.15204 0.15204 74.6489 8.15574 -6.60234 1.03116 8.15574 -6.60234 1.03116 3.06021 0 0.329838 0 0.470922 0 
2 4 0 0.145106 0.145106 74.6489 8.54549 -6.91546 1.02968 8.54549 -6.91546 1.02968 3.05883 0 0.329688 0 0.472289 0 
2 4 0 0.138777 0.138777 74.6489 8.93519 -7.22865 1.02834 8.93519 -7.22865 1.02834 3.05763 0 0.32956 0 0.473518 0 
2 4 0 0.132978 0.132978 74.6489 9.32485 -7.54191 1.02711 9.32485 -7.54191 1.02711 3.05658 0 0.329451 0 0.474628 0 
2 4 0 0.127645 0.127645 74.6489 9.71448 -7.85521 1.02599 9.71448 -7.85521 1.02599 3.05566 0 0.329356 0 0.475636 0 
2 4 0 0.122723 0.122723 74.6489 10.1041 -8.16857 1.02495 10.1041 -8.16857 1.02495 3.05485 0 0.329273 0 0.476556 0 
2 4 0 0.118167 0.118167 74.6489 10.4936 -8.48196 1.024 10.4936 -8.48196 1.024 3.05413 0 0.329201 0 0.477399 0 
2 4 0 0.113937 0.113937 74.6489 10.8832 -8.79539 1.02311 10.8832 -8.79539 1.02311 3.05348 0 0.329137 0 0.478173 0 
2 4 0 0.11 0.11 74.6489 11.2727 -9.10886 1.02229 11.2727 -9.10886 1.02229 3.0529 0 0.32908 0 0.478888 0 
2 4 0 0.106326 0.106326 74.6489 11.6622 -9.42235 1.02152 11.6622 -9.42235 1.02152 3.05238 0 0.32903 0 0.479549 0 
2 4 0 0.10289 0.10289 74.6489 12.0517 -9.73587 1.0208 12.0517 -9.73587 1.0208 3.05192 0 0.328985 0 0.480162 0 
2 4 0 0.0996694 0.0996694 74.6489 12.4411 -10.0494 1.02014 12.4411 -10.0494 1.02014 3.05149 0 0.328945 0 0.480733 0 
2 4 0 0.0966441 0.0966441 74.6489 12.8306 -10.363 1.01951 12.8306 -10.363 1.01951 3.05111 0 0.328908 0 0.481266 0 
2 4 0 0.0937972 0.0937972 74.6489 13.22 -10.6766 1.01892 13.22 -10.6766 1.01892 3.05075 0 0.328875 0 0.481764 0 
2 4 0 0.0911133 0.0911133 74.6489 13.6094 -10.9902 1.01836 13.6094 -10.9902 1.01836 3.05043 0 0.328845 0 0.48223 0 
2 4 0 0.0885788 0.0885788 74.6489 13.9988 -11.3038 1.01784 13.9988 -11.3038 1.01784 3.05014 0 0.328818 0 0.482668 0 
2 4 0 0.0861815 0.0861815 74.6489 14.3882 -11.6174 1.01734 14.3882 -11.6174 1.01734 3.04987 0 0.328793 0 0.483081 0 
2 4 0 0.0839106 0.0839106 74.6489 14.7776 -11.931 1.01688 14.7776 -11.931 1.01688 3.04962 0 0.328771 0 0.483469 0 
2 4 0 0.0817564 0.0817564 74.6489 15.167 -12.2447 1.01643 15.167 -12.2447 1.01643 3.04939 0 0.32875 0 0.483836 0 
2 4 0 0.0797101 0.0797101 74.6489 15.5564 -12.5584 1.01601 15.5564 -12.5584 1.01601 3.04918 0 0.328731 0 0.484183 0 
2 4 0 0.0777638 0.0777638 74.6489 15.9457 -12.8721 1.01561 15.9457 -12.8721 1.01561 3.04898 0 0.328713 0 0.484511 0 
2 4 0 0.0759102 0.0759102 74.6489 16.3351 -13.1857 1.01523 16.3351 -13.1857 1.01523 3.0488 0 0.328696 0 0.484823 0 
2 4 0 0.074143 0.074143 74.6489 16.7244 -13.4994 1.01487 16.7244 -13.4994 1.01487 3.04863 0 0.328681 0 0.485119 0 
2 4 0 0.0724563 0.0724563 74.6489 17.1138 -13.8131 1.01453 17.1138 -13.8131 1.01453 3.04847 0 0.328667 0 0.4854 0 
2 4 0 0.0708446 0.0708446 74.6489 17.5031 -14.1269 1.0142 17.5031 -14.1269 1.0142 3.04832 0 0.328654 0 0.485668 0 
2 4 0 0.069303 0.069303 74.6489 17.8924 -14.4406 1.01388 17.8924 -14.4406 1.01388 3.04818 0 0.328642 0 0.485924 0 
2 4 0 0.0678272 0.0678272 74.6489 18.2818 -14.7543 1.01358 18.2818 -14.7543 1.01358 3.04805 0 0.328631 0 0.486167 0 
2 4 0 0.0664129 0.0664129 74.6489 18.6711 -15.068 1.01329 18.6711 -15.068 1.01329 3.04793 0 0.32862 0 0.4864 0 
2 4 0 0.0650564 0.0650564 74.6489 19.0604 -15.3818 1.01301 19.0604 -15.3818 1.01301 3.04782 0 0.32861 0 0.486623 0 
2 4 0 0.0637542 0.0637542 74.6489 19.4497 -15.6955 1.01275 19.4497 -15.6955 1.01275 3.04771 0 0.328601 0 0.486836 0 
2 4 0 0.0625031 0.0625031 74.6489 19.839 -16.0093 1.01249 19.839 -16.0093 1.01249 3.04761 0 0.328592 0 0.48704 0 
2 4 0 0.0613002 0.0613002 74.6489 20.2283 -16.323 1.01225 20.2283 -16.323 1.01225 3.04752 0 0.328584 0 0.487236 0 
2 4 0 0.0601428 0.0601428 74.6489 20.6176 -16.6368 1.01201 20.6176 -16.6368 1.01201 3.04743 0 0.328577 0 0.487424 0 
2 4 0 0.0590282 0.0590282 74.6489 21.0069 -16.9506 1.01179 21.0069 -16.9506 1.01179 3.04734 0 0.328569 0 0.487605 0 
2 4 0 0.0579542 0.0579542 74.6489 21.3962 -17.2643 1.01157 21.3962 -17.2643 1.01157 3.04726 0 0.328562 0 0.487778 0 
2 4 0 0.0569186 0.0569186 74.6489 21.7855 -17.5781 1.01136 21.7855 -17.5781 1.01136 3.04719 0 0.328556 0 0.487945 0 
2 4 0 0.0559194 0.0559194 74.6489 22.1748 -17.8919 1.01116 22.1748 -17.8919 1.01116 3.04712 0 0.32855 0 0.488106 0 
2 4 0 0.0549547 0.0549547 74.6489 22.564 -18.2057 1.01096 22.564 -18.2057 1.01096 3.04705 0 0.328544 0 0.488261 0 
2 4 0 0.0540227 0.0540227 74.6489 22.9533 -18.5194 1.01077 22.9533 -18.5194 1.01077 3.04699 0 0.328539 0 0.48841 0 
2 4 0 0.0531217 0.0531217 74.6489 23.3426 -18.8332 1.01059 23.3426 -18.8332 1.01059 3.04692 0 0.328534 0 0.488554 0 
2 4 0 0.0522504 0.0522504 74.6489 23.7319 -19.147 1.01041 23.7319 -19.147 1.01041 3.04687 0 0.328529 0 0.488693 0 
2 4 0 0.0514072 0.0514072 74.6489 24.1212 -19.4608 1.01024 24.1212 -19.4608 1.01024 3.04681 0 0.328524 0 0.488828 0 
2 4 0 0.0505907 0.0505907 74.6489 24.5104 -19.7746 1.01008 24.5104 -19.7746 1.01008 3.04676 0 0.32852 0 0.488958 0 
2 4 0 0.0497998 0.0497998 74.6489 24.8997 -20.0884 1.00992 24.8997 -20.0884 1.00992 3.04671 0 0.328515 0 0.489083 0 
2 4 0 0.0490332 0.0490332 74.6489 25.289 -20.4022 1.00976 25.289 -20.4022 1.00976 3.04666 0 0.328511 0 0.489205 0 
2 4 0 0.0482899 0.0482899 74.6489 25.6782 -20.716 1.00961 25.6782 -20.716 1.00961 3.04661 0 0.328508 0 0.489322 0 
2 4 0 0.0475688 0.0475688 74.6489 26.0675 -21.0298 1.00947 26.0675 -21.0298 1.00947 3.04657 0 0.328504 0 0.489436 0 
2 4 0 0.0468689 0.0468689 74.6489 26.4568 -21.3436 1.00933 26.4568 -21.3436 1.00933 3.04653 0 0.3285 0 0.489547 0 
2 4 0 0.0461894 0.0461894 74.6489 26.846 -21.6574 1.00919 26.846 -21.6574 1.00919 3.04649 0 0.328497 0 0.489654 0 
2 4 0 0.0455292 0.0455292 74.6489 27.2353 -21.9712 1.00906 27.2353 -21.9712 1.00906 3.04645 0 0.328494 0 0.489758 0 
2 4 0 0.0448876 0.0448876 74.6489 27.6245 -22.285 1.00893 27.6245 -22.285 1.00893 3.04642 0 0.328491 0 0.489859 0 
2 4 0 0.0442639 0.0442639 74.6489 28.0138 -22.5989 1.0088 28.0138 -22.5989 1.0088 3.04638 0 0.328488 0 0.489956 0 
2 4 0 0.0436573 0.0436573 74.6489 28.403 -22.9127 1.00868 28.403 -22.9127 1.00868 3.04635 0 0.328485 0 0.490052 0 
2 4 0 0.0430671 0.0430671 74.6489 28.7923 -23.2265 1.00856 28.7923 -23.2265 1.00856 3.04631 0 0.328483 0 0.490144 0 
2 4 0 0.0424926 0.0424926 74.6489 29.1815 -23.5403 1.00845 29.1815 -23.5403 1.00845 3.04628 0 0.32848 0 0.490234 0 
2 4 0 0.0419333 0.0419333 74.6489 29.5708 -23.8541 1.00833 29.5708 -23.8541 1.00833 3.04625 0 0.328478 0 0.490321 0 
2 4 0 0.0413885 0.0413885 74.6489 29.96 -24.168 1.00822 29.96 -24.168 1.00822 3.04623 0 0.328475 0 0.490406 0 
2 4 0 0.0408576 0.0408576 74.6489 30.3493 -24.4818 1.00812 30.3493 -24.4818 1.00812 3.0462 0 0.328473 0 0.490489 0 
2 4 0 0.0403402 0.0403402 74.6489 30.7385 -24.7956 1.00801 30.7385 -24.7956 1.00801 3.04617 0 0.328471 0 0.490569 0 
2 4 0 0.0398358 0.0398358 74.6489 31.1278 -25.1094 1.00791 31.1278 -25.1094 1.00791 3.04615 0 0.328469 0 0.490648 0 
2 4 0 0.0393438 0.0393438 74.6489 31.517 -25.4233 1.00781 31.517 -25.4233 1.00781 3.04612 0 0.328467 0 0.490724 0 
2 4 0 0.0388638 0.0388638 74.6489 31.9063 -25.7371 1.00772 31.9063 -25.7371 1.00772 3.0461 0 0.328465 0 0.490799 0 
2 4 0 0.0383954 0.0383954 74.6489 32.2955 -26.0509 1.00762 32.2955 -26.0509 1.00762 3.04608 0 0.328463 0 0.490871 0 
2 4 0 0.0379382 0.0379382 74.6489 32.6848 -26.3648 1.00753 32.6848 -26.3648 1.00753 3.04605 0 0.328461 0 0.490942 0 
2 4 0 0.0374917 0.0374917 74.6489 33.074 -26.6786 1.00744 33.074 -26.6786 1.00744 3.04603 0 0.328459 0 0.491011 0 
2 4 0 0.0370556 0.0370556 74.6489 33.4632 -26.9924 1.00735 33.4632 -26.9924 1.00735 3.04601 0 0.328458 0 0.491078 0 
2 4 0 0.0366295 0.0366295 74.6489 33.8525 -27.3063 1.00727 33.8525 -27.3063 1.00727 3.04599 0 0.328456 0 0.491144 0 
2 4 0 0.0362131 0.0362131 74.6489 34.2417 -27.6201 1.00718 34.2417 -27.6201 1.00718 3.04597 0 0.328455 0 0.491208 0 
2 4 0 0.0358061 0.0358061 74.6489 34.631 -27.9339 1.0071 34.631 -27.9339 1.0071 3.04596 0 0.328453 0 0.491271 0 
2 4 0 0.0354081 0.0354081 74.6489 35.0202 -28.2478 1.00702 35.0202 -28.2478 1.00702 3.04594 0 0.328452 0 0.491332 0 
2 4 0 0.0350189 0.0350189 74.6489 35.4094 -28.5616 1.00694 35.4094 -28.5616 1.00694 3.04592 0 0.32845 0 0.491392 0 
2 4 0 0.0346382 0.0346382 74.6489 35.7987 -28.8754 1.00687 35.7987 -28.8754 1.00687 3.0459 0 0.328449 0 0.491451 0 
2 4 0 0.0342656 0.0342656 74.6489 36.1879 -29.1893 1.00679 36.1879 -29.1893 1.00679 3.04589 0 0.328448 0 0.491508 0 
2 4 0 0.0339009 0.0339009 74.6489 36.5771 -29.5031 1.00672 36.5771 -29.5031 1.00672 3.04587 0 0.328446 0 0.491564 0 
2 4 0 0.033544 0.033544 74.6489 36.9664 -29.817 1.00665 36.9664 -29.817 1.00665 3.04586 0 0.328445 0 0.491619 0 
2 4 0 0.0331945 0.0331945 74.6489 37.3556 -30.1308 1.00658 37.3556 -30.1308 1.00658 3.04584 0 0.328444 0 0.491672 0 
2 4 0 0.0328522 0.0328522 74.6489 37.7448 -30.4446 1.00651 37.7448 -30.4446 1.00651 3.04583 0 0.328443 0 0.491725 0 
2 4 0 0.0325168 0.0325168 74.6489 38.1341 -30.7585 1.00644 38.1341 -30.7585 1.00644 3.04581 0 0.328442 0 0.491776 0 
2 4 0 0.0321883 0.0321883 74.6489 38.5233 -31.0723 1.00638 38.5233 -31.0723 1.00638 3.0458 0 0.328441 0 0.491826 0 
2 4 0 0.0318663 0.0318663 74.6489 38.9125 -31.3862 1.00631 38.9125 -31.3862 1.00631 3.04579 0 0.32844 0 0.491876 0 
2 4 0 0.0315507 0.0315507 74.6489 39.3018 -31.7 1.00625 39.3018 -31.7 1.00625 3.04578 0 0.328439 0 0.491924 0 
2 4 0 0.0312413 0.0312413 74.6489 39.691 -32.0139 1.00619 39.691 -32.0139 1.00619 3.04576 0 0.328438 0 0.491971 0 
2 4 0 0.0309379 0.0309379 74.6489 40.0802 -32.3277 1.00613 40.0802 -32.3277 1.00613 3.04575 0 0.328437 0 0.492017 0 
2 4 0 0.0306404 0.0306404 74.6489 40.4695 -32.6416 1.00607 40.4695 -32.6416 1.00607 3.04574 0 0.328436 0 0.492063 0 
2 4 0 0.0303485 0.0303485 74.6489 40.8587 -32.9554 1.00601 40.8587 -32.9554 1.00601 3.04573 0 0.328435 0 0.492107 0 
2 4 0 0.0300621 0.0300621 74.6489 41.2479 -33.2693 1.00595 41.2479 -33.2693 1.00595 3.04572 0 0.328434 0 0.492151 0 
2 4 0 0.0297811 0.0297811 74.6489 41.6372 -33.5831 1.0059 41.6372 -33.5831 1.0059 3.04571 0 0.328433 0 0.492193 0 
2 4 0 0.0295053 0.0295053 74.6489 42.0264 -33.897 1.00584 42.0264 -33.897 1.00584 3.0457 0 0.328432 0 0.492235 0 
2 4 0 0.0292345 0.0292345 74.6489 42.4156 -34.2108 1.00579 42.4156 -34.2108 1.00579 3.04569 0 0.328432 0 0.492276 0 
2 4 0 0.0289687 0.0289687 74.6489 42.8048 -34.5247 1.00573 42.8048 -34.5247 1.00573 3.04568 0 0.328431 0 0.492317 0 
2 4 0 0.0287076 0.0287076 74.6489 43.1941 -34.8385 1.00568 43.1941 -34.8385 1.00568 3.04567 0 0.32843 0 0.492357 0 
2 4 0 0.0284513 0.0284513 74.6489 43.5833 -35.1524 1.00563 43.5833 -35.1524 1.00563 3.04566 0 0.328429 0 0.492395 0 
2 4 0 0.0281994 0.0281994 74.6489 43.9725 -35.4662 1.00558 43.9725 -35.4662 1.00558 3.04565 0 0.328429 0 0.492434 0 
2 4 0 0.027952 0.027952 74.6489 44.3617 -35.7801 1.00553 44.3617 -35.7801 1.00553 3.04564 0 0.328428 0 0.492471 0 
2 4 0 0.0277089 0.0277089 74.6489 44.751 -36.0939 1.00548 44.751 -36.0939 1.00548 3.04563 0 0.328427 0 0.492508 0 
2 4 0 0.02747 0.02747 74.6489 45.1402 -36.4078 1.00544 45.1402 -36.4078 1.00544 3.04563 0 0.328427 0 0.492544 0 
2 4 0 0.0272351 0.0272351 74.6489 45.5294 -36.7216 1.00539 45.5294 -36.7216 1.00539 3.04562 0 0.328426 0 0.49258 0 
2 4 0 0.0270043 0.0270043 74.6489 45.9186 -37.0355 1.00534 45.9186 -37.0355 1.00534 3.04561 0 0.328425 0 0.492615 0 
2 4 0 0.0267773 0.0267773 74.6489 46.3079 -37.3493 1.0053 46.3079 -37.3493 1.0053 3.0456 0 0.328425 0 0.492649 0 
2 4 0 0.0265541 0.0265541 74.6489 46.6971 -37.6632 1.00525 46.6971 -37.6632 1.00525 3.04559 0 0.328424 0 0.492683 0 
2 4 0 0.0263346 0.0263346 74.6489 47.0863 -37.977 1.00521 47.0863 -37.977 1.00521 3.04559 0 0.328424 0 0.492716 0 
2 4 0 0.0261187 0.0261187 74.6489 47.4755 -38.2909 1.00517 47.4755 -38.2909 1.00517 3.04558 0 0.328423 0 0.492748 0 
2 4 0 0.0259063 0.0259063 74.6489 47.8648 -38.6047 1.00512 47.8648 -38.6047 1.00512 3.04557 0 0.328423 0 0.49278 0 
2 4 0 0.0256974 0.0256974 74.6489 48.254 -38.9186 1.00508 48.254 -38.9186 1.00508 3.04557 0 0.328422 0 0.492812 0 
2 4 0 0.0254917 0.0254917 74.6489 48.6432 -39.2325 1.00504 48.6432 -39.2325 1.00504 3.04556 0 0.328421 0 0.492843 0 
2 4 0 0.0252894 0.0252894 74.6489 49.0324 -39.5463 1.005 49.0324 -39.5463 1.005 3.04555 0 0.328421 0 0.492873 0 
2 4 0 0.0250902 0.0250902 74.6489 49.4217 -39.8602 1.00496 49.4217 -39.8602 1.00496 3.04555 0 0.32842 0 0.492903 0 
2 4 0 0.0248942 0.0248942 74.6489 49.8109 -40.174 1.00492 49.8109 -40.174 1.00492 3.04554 0 0.32842 0 0.492933 0 
2 4 0 0.0247011 0.0247011 74.6489 50.2001 -40.4879 1.00488 50.2001 -40.4879 1.00488 3.04554 0 0.32842 0 0.492962 0 
2 4 0 0.0245111 0.0245111 74.6489 50.5893 -40.8017 1.00485 50.5893 -40.8017 1.00485 3.04553 0 0.328419 0 0.492991 0 
2 4 0 0.024324 0.024324 74.6489 50.9785 -41.1156 1.00481 50.9785 -41.1156 1.00481 3.04552 0 0.328419 0 0.493019 0 
2 4 0 0.0241397 0.0241397 74.6489 51.3678 -41.4295 1.00477 51.3678 -41.4295 1.00477 3.04552 0 0.328418 0 0.493046 0 
2 4 0 0.0239581 0.0239581 74.6489 51.757 -41.7433 1.00474 51.757 -41.7433 1.00474 3.04551 0 0.328418 0 0.493074 0 
2 4 0 0.0237793 0.0237793 74.6489 52.1462 -42.0572 1.0047 52.1462 -42.0572 1.0047 3.04551 0 0.328417 0 0.493101 0 
2 4 0 0.0236031 0.0236031 74.6489 52.5354 -42.371 1.00466 52.5354 -42.371 1.00466 3.0455 0 0.328417 0 0.493127 0 
2 4 0 0.0234295 0.0234295 74.6489 52.9246 -42.6849 1.00463 52.9246 -42.6849 1.00463 3.0455 0 0.328417 0 0.493153 0 
2 4 0 0.0232585 0.0232585 74.6489 53.3139 -42.9988 1.0046 53.3139 -42.9988 1.0046 3.04549 0 0.328416 0 0.493179 0 
2 4 0 0.0230899 0.0230899 74.6489 53.7031 -43.3126 1.00456 53.7031 -43.3126 1.00456 3.04549 0 0.328416 0 0.493204 0 
2 4 0 0.0229238 0.0229238 74.6489 54.0923 -43.6265 1.00453 54.0923 -43.6265 1.00453 3.04548 0 0.328415 0 0.493229 0 
2 4 0 0.02276 0.02276 74.6489 54.4815 -43.9403 1.0045 54.4815 -43.9403 1.0045 3.04548 0 0.328415 0 0.493254 0 
2 4 0 0.0225986 0.0225986 74.6489 54.8707 -44.2542 1.00447 54.8707 -44.2542 1.00447 3.04547 0 0.328415 0 0.493278 0 
2 4 0 0.0224394 0.0224394 74.6489 55.26 -44.5681 1.00443 55.26 -44.5681 1.00443 3.04547 0 0.328414 0 0.493302 0 
2 4 0 0.0222824 0.0222824 74.6489 55.6492 -44.8819 1.0044 55.6492 -44.8819 1.0044 3.04547 0 0.328414 0 0.493325 0 
2 4 0 0.0221277 0.0221277 74.6489 56.0384 -45.1958 1.00437 56.0384 -45.1958 1.00437 3.04546 0 0.328414 0 0.493348 0 
2 4 0 0.0219751 0.0219751 74.6489 56.4276 -45.5096 1.00434 56.4276 -45.5096 1.00434 3.04546 0 0.328413 0 0.493371 0 
2 4 0 0.0218245 0.0218245 74.6489 56.8168 -45.8235 1.00431 56.8168 -45.8235 1.00431 3.04545 0 0.328413 0 0.493394 0 
2 4 0 0.021676 0.021676 74.6489 57.2061 -46.1374 1.00428 57.2061 -46.1374 1.00428 3.04545 0 0.328413 0 0.493416 0 
2 4 0 0.0215295 0.0215295 74.6489 57.5953 -46.4512 1.00425 57.5953 -46.4512 1.00425 3.04544 0 0.328412 0 0.493438 0 
2 4 0 0.021385 0.021385 74.6489 57.9845 -46.7651 1.00422 57.9845 -46.7651 1.00422 3.04544 0 0.328412 0 0.493459 0 
2 4 0 0.0212424 0.0212424 74.6489 58.3737 -47.079 1.0042 58.3737 -47.079 1.0042 3.04544 0 0.328412 0 0.493481 0 
2 4 0 0.0211017 0.0211017 74.6489 58.7629 -47.3928 1.00417 58.7629 -47.3928 1.00417 3.04543 0 0.328411 0 0.493502 0 
2 4 0 0.0209629 0.0209629 74.6489 59.1521 -47.7067 1.00414 59.1521 -47.7067 1.00414 3.04543 0 0.328411 0 0.493522 0 
2 4 0 0.0208259 0.0208259 74.6489 59.5414 -48.0205 1.00411 59.5414 -48.0205 1.00411 3.04543 0 0.328411 0 0.493543 0 
2 4 0 0.0206906 0.0206906 74.6489 59.9306 -48.3344 1.00409 59.9306 -48.3344 1.00409 3.04542 0 0.328411 0 0.493563 0 
2 4 0 0.0205571 0.0205571 74.6489 60.3198 -48.6483 1.00406 60.3198 -48.6483 1.00406 3.04542 0 0.32841 0 0.493583 0 
2 4 0 0.0204253 0.0204253 74.6489 60.709 -48.9621 1.00403 60.709 -48.9621 1.00403 3.04542 0 0.32841 0 0.493603 0 
2 4 0 0.0202952 0.0202952 74.6489 61.0982 -49.276 1.00401 61.0982 -49.276 1.00401 3.04541 0 0.32841 0 0.493622 0 
2 4 0 0.0201667 0.0201667 74.6489 61.4874 -49.5899 1.00398 61.4874 -49.5899 1.00398 3.04541 0 0.32841 0 0.493641 0 
2 4 0 0.0200399 0.0200399 74.6489 61.8767 -49.9037 1.00396 61.8767 -49.9037 1.00396 3.04541 0 0.328409 0 0.49366 0 
2 4 0 0.0199146 0.0199146 74.6489 62.2659 -50.2176 1.00393 62.2659 -50.2176 1.00393 3.0454 0 0.328409 0 0.493679 0 
2 4 0 0.0197909 0.0197909 74.6489 62.6551 -50.5315 1.00391 62.6551 -50.5315 1.00391 3.0454 0 0.328409 0 0.493697 0 
2 4 0 0.0196687 0.0196687 74.6489 63.0443 -50.8453 1.00388 63.0443 -50.8453 1.00388 3.0454 0 0.328409 0 0.493715 0 
2 4 0 0.019548 0.019548 74.6489 63.4335 -51.1592 1.00386 63.4335 -51.1592 1.00386 3.04539 0 0.328408 0 0.493733 0 
2 4 0 0.0194288 0.0194288 74.6489 63.8227 -51.473 1.00384 63.8227 -51.473 1.00384 3.04539 0 0.328408 0 0.493751 0 
2 4 0 0.019311 0.019311 74.6489 64.212 -51.7869 1.00381 64.212 -51.7869 1.00381 3.04539 0 0.328408 0 0.493769 0 
2 4 0 0.0191947 0.0191947 74.6489 64.6012 -52.1008 1.00379 64.6012 -52.1008 1.00379 3.04539 0 0.328408 0 0.493786 0 
2 4 0 0.0190797 0.0190797 74.6489 64.9904 -52.4146 1.00377 64.9904 -52.4146 1.00377 3.04538 0 0.328408 0 0.493803 0 
2 4 0 0.0189662 0.0189662 74.6489 65.3796 -52.7285 1.00374 65.3796 -52.7285 1.00374 3.04538 0 0.328407 0 0.49382 0 
2 4 0 0.0188539 0.0188539 74.6489 65.7688 -53.0424 1.00372 65.7688 -53.0424 1.00372 3.04538 0 0.328407 0 0.493837 0 
2 4 0 0.018743 0.018743 74.6489 66.158 -53.3562 1.0037 66.158 -53.3562 1.0037 3.04538 0 0.328407 0 0.493853 0 
2 4 0 0.0186334 0.0186334 74.6489 66.5472 -53.6701 1.00368 66.5472 -53.6701 1.00368 3.04537 0 0.328407 0 0.493869 0 
2 4 0 0.018525 0.018525 74.6489 66.9365 -53.984 1.00366 66.9365 -53.984 1.00366 3.04537 0 0.328406 0 0.493886 0 
2 4 0 0.0184179 0.0184179 74.6489 67.3257 -54.2978 1.00363 67.3257 -54.2978 1.00363 3.04537 0 0.328406 0 0.493901 0 
2 4 0 0.0183121 0.0183121 74.6489 67.7149 -54.6117 1.00361 67.7149 -54.6117 1.00361 3.04537 0 0.328406 0 0.493917 0 
2 4 0 0.0182074 0.0182074 74.6489 68.1041 -54.9256 1.00359 68.1041 -54.9256 1.00359 3.04536 0 0.328406 0 0.493933 0 
2 4 0 0.018104 0.018104 74.6489 68.4933 -55.2394 1.00357 68.4933 -55.2394 1.00357 3.04536 0 0.328406 0 0.493948 0 
2 4 0 0.0180017 0.0180017 74.6489 68.8825 -55.5533 1.00355 68.8825 -55.5533 1.00355 3.04536 0 0.328406 0 0.493963 0 
2 4 0 0.0179005 0.0179005 74.6489 69.2718 -55.8672 1.00353 69.2718 -55.8672 1.00353 3.04536 0 0.328405 0 0.493978 0 
2 4 0 0.0178005 0.0178005 74.6489 69.661 -56.181 1.00351 69.661 -56.181 1.00351 3.04535 0 0.328405 0 0.493993 0 
2 4 0 0.0177016 0.0177016 74.6489 70.0502 -56.4949 1.00349 70.0502 -56.4949 1.00349 3.04535 0 0.328405 0 0.494008 0 
2 4 0 0.0176038 0.0176038 74.6489 70.4394 -56.8088 1.00347 70.4394 -56.8088 1.00347 3.04535 0 0.328405 0 0.494022 0 
2 4 0 0.0175071 0.0175071 74.6489 70.8286 -57.1226 1.00345 70.8286 -57.1226 1.00345 3.04535 0 0.328405 0 0.494037 0 
2 4 0 0.0174114 0.0174114 74.6489 71.2178 -57.4365 1.00343 71.2178 -57.4365 1.00343 3.04535 0 0.328405 0 0.494051 0 
2 4 0 0.0173167 0.0173167 74.6489 71.607 -57.7504 1.00342 71.607 -57.7504 1.00342 3.04534 0 0.328404 0 0.494065 0 
2 4 0 0.0172231 0.0172231 74.6489 71.9962 -58.0642 1.0034 71.9962 -58.0642 1.0034 3.04534 0 0.328404 0 0.494079 0 
2 4 0 0.0171305 0.0171305 74.6489 72.3855 -58.3781 1.00338 72.3855 -58.3781 1.00338 3.04534 0 0.328404 0 0.494092 0 
2 4 0 0.0170389 0.0170389 74.6489 72.7747 -58.692 1.00336 72.7747 -58.692 1.00336 3.04534 0 0.328404 0 0.494106 0 
2 4 0 0.0169483 0.0169483 74.6489 73.1639 -59.0058 1.00334 73.1639 -59.0058 1.00334 3.04534 0 0.328404 0 0.494119 0 
2 4 0 0.0168586 0.0168586 74.6489 73.5531 -59.3197 1.00333 73.5531 -59.3197 1.00333 3.04533 0 0.328404 0 0.494133 0 
2 4 0 0.0167698 0.0167698 74.6489 73.9423 -59.6336 1.00331 73.9423 -59.6336 1.00331 3.04533 0 0.328404 0 0.494146 0 
2 4 0 0.016682 0.016682 74.6489 74.3315 -59.9474 1.00329 74.3315 -59.9474 1.00329 3.04533 0 0.328403 0 0.494159 0 
2 5 0 1.45963 1.45963 74.6489 0.849532 0.000214895 0.150202 0.849532 0.000214895 0.150202 3.04533 0 0.328403 0 0.494159 0 
2 5 0 1.49206 1.49206 74.6489 0.850487 1.54556e-10 0.149513 0.850487 1.54556e-10 0.149513 3.04533 0 0.328403 0 0.494159 0 
2 5 0 1.51193 1.51193 74.6489 0.850487 -4.0488e-09 0.149513 0.850487 -4.0488e-09 0.149513 0.367879 0 1.04695 0 0.788958 0 
2 5 0 1.53393 1.53393 74.6489 0.850487 -5.70576e-14 0.149513 0.850487 -5.70576e-14 0.149513 0.367879 0 1.06672 0 0.788958 0 
2 5 0 1.57793 1.57793 74.6489 0.850487 -4.50433e-15 0.149513 0.850487 -4.50433e-15 0.149513 0.367879 0 1.1074 0 0.788958 0 
2 5 0 1.66593 1.66593 74.6489 0.850487 -4.01145e-25 0.149513 0.850487 -4.01145e-25 0.149513 0.367879 0 1.19346 0 0.788958 0 
2 5 0 1.84193 1.84193 74.6489 0.850487 -2.01948e-27 0.149513 0.850487 -2.01948e-27 0.149513 0.367879 0 1.38616 0 0.788958 0 
2 5 0 2.19393 2.19393 74.6489 0.850487 -6.57327e-33 0.149513 0.850487 -6.57327e-33 0.149513 0.367879 0 1.86995 0 0.788958 0 
2 5 0 1.45963 1.45963 74.6489 0.849532 0.000214895 0.150202 0.849532 0.000214895 0.150202 0.367879 0 1.86995 0 0.788958 0 
2 5 0 1.42421 1.42421 74.6489 0.850487 -4.13637e-09 0.149513 0.850487 -4.13637e-09 0.149513 0.367879 0 1.86995 0 0.788958 0 
1 5 0 1.40404 1.40404 74.6489 0.850487 -2.1574e-13 0.149513 0.850487 -2.1574e-13 0.149513 0.367879 0 0.955153 0 0.788958 0 
1 5 0 1.38404 1.38404 74.6489 0.850487 1.75338e-15 0.149513 0.850487 1.75338e-15 0.149513 0.367879 0 0.939044 0 0.788958 0 
1 5 0 1.34404 1.34404 74.6489 0.850487 1.18612e-23 0.149513 0.850487 1.18612e-23 0.149513 0.367879 0 0.907635 0 0.788958 0 
1 5 0 1.26404 1.26404 74.6489 0.850487 4.24013e-28 0.149513 0.850487 4.24013e-28 0.149513 0.367879 0 0.847935 0 0.788958 0 
1 5 0 1.10404 1.10404 74.6489 0.850487 -8.84949e-33 0.149513 0.850487 -8.84949e-33 0.149513 0.367879 0 0.740056 0 0.788958 0 
1 5 0 0.784039 0.784039 74.6489 0.850487 -4.73104e-33 0.149513 0.850487 -4.73104e-33 0.149513 0.367879 0 0.563727 0 0.788958 0 
1 5 0 0.284039 0.284039 74.6489 0.850487 3.42114e-49 0.149513 0.850487 3.42114e-49 0.149513 0.367879 0 0.368458 0 0.788958 0 
1 5 0 -0.215961 -0.215961 74.6489 0.850487 1.36846e-48 0.149513 0.850487 1.36846e-48 0.149513 0.367879 0 0.240828 0 0.788958 0 
2 6 0 0.930189 0.930189 74.6489 1.33306 -0.120976 -0.183051 1.33306 -0.120976 -0.183051 0.367879 0 0.240828 0 0.788958 0 
1 6 0 1.29423 1.29423 74.6489 0.850487 1.41866e-08 0.149513 0.850487 1.41866e-08 0.149513 0.367879 0 0.240828 0 0.788958 0 
1 6 0 1.29541 1.29541 74.6489 0.850487 4.24985e-16 0.149513 0.850487 4.24985e-16 0.149513 0.367879 0 0.870864 0 0.788958 0 
1 6 0 1.29604 1.29604 74.6489 0.850487 2.78026e-13 0.149513 0.850487 2.78026e-13 0.149513 0.367879 0 0.871327 0 0.788958 0 
1 6 0 1.29729 1.29729 74.6489 0.850487 -3.29048e-19 0.149513 0.850487 -3.29048e-19 0.149513 0.367879 0 0.872254 0 0.788958 0 
1 6 0 1.29979 1.29979 74.6489 0.850487 2.46186e-23 0.149513 0.850487 2.46186e-23 0.149513 0.367879 0 0.874111 0 0.788958 0 
1 6 0 1.30479 1.30479 74.6489 0.850487 -4.14075e-33 0.149513 0.850487 -4.14075e-33 0.149513 0.367879 0 0.877836 0 0.788958 0 
1 6 0 1.31479 1.31479 74.6489 0.850487 -2.08028e-33 0.149513 0.850487 -2.08028e-33 0.149513 0.367879 0 0.885333 0 0.788958 0 
1 6 0 1.33479 1.33479 74.6489 0.850487 3.71694e-32 0.149513 0.850487 3.71694e-32 0.149513 0.367879 0 0.900521 0 0.788958 0 
1 6 0 1.37479 1.37479 74.6489 0.850487 6.19392e-33 0.149513 0.850487 6.19392e-33 0.149513 0.367879 0 0.931684 0 0.788958 0 
1 6 0 1.45479 1.45479 74.6489 0.850487 3.92143e-32 0.149513 0.850487 3.92143e-32 0.149513 0.367879 0 0.997281 0 0.788958 0 
1 6 0 1.45799 1.45799 74.6489 0.850487 -1.55242e-40 0.149513 0.850487 -1.55242e-40 0.149513 0.367879 0 1 0 0.788958 0 
2 6 0 1.61799 1.61799 74.6489 0.850487 -3.67697e-33 0.149513 0.850487 -3.67697e-33 0.149513 0.367879 0 1.14577 0 0.788958 0 
2 6 0 1.93799 1.93799 74.6489 0.850487 -1.10455e-32 0.149513 0.850487 -1.10455e-32 0.149513 0.367879 0 1.50416 0 0.788958 0 
2 6 0 2.43799 2.43799 74.6489 0.850487 -1.29454e-32 0.149513 0.850487 -1.29454e-32 0.149513 0.367879 0 2.30131 0 0.788958 0 
2 6 0 0.930189 0.930189 74.6489 1.33306 -0.120976 -0.183051 1.33306 -0.120976 -0.183051 0.367879 0 2.30131 0 0.788958 0 
2 6 0 1.24777 1.24777 74.6489 0.850487 3.92421e-09 0.149513 0.850487 3.92421e-09 0.149513 0.367879 0 2.30131 0 0.788958 0 
1 6 0 1.24898 1.24898 74.6489 0.850487 7.49646e-16 0.149513 0.850487 7.49646e-16 0.149513 0.367879 0 0.837147 0 0.788958 0 
1 6 0 1.24961 1.24961 74.6489 0.850487 8.026e-14 0.149513 0.850487 8.026e-14 0.149513 0.367879 0 0.837593 0 0.788958 0 
1 6 0 1.25086 1.25086 74.6489 0.850487 -1.33849e-19 0.149513 0.850487 -1.33849e-19 0.149513 0.367879 0 0.838483 0 0.788958 0 
1 6 0 1.25336 1.25336 74.6489 0.850487 9.2455e-24 0.149513 0.850487 9.2455e-24 0.149513 0.367879 0 0.840268 0 0.788958 0 
1 6 0 1.25836 1.25836 74.6489 0.850487 1.90667e-32 0.149513 0.850487 1.90667e-32 0.149513 0.367879 0 0.843849 0 0.788958 0 
1 6 0 1.26836 1.26836 74.6489 0.850487 -2.48967e-32 0.149513 0.850487 -2.48967e-32 0.149513 0.367879 0 0.851056 0 0.788958 0 
1 6 0 1.28836 1.28836 74.6489 0.850487 4.4456e-33 0.149513 0.850487 4.4456e-33 0.149513 0.367879 0 0.865656 0 0.788958 0 
1 6 0 1.32836 1.32836 74.6489 0.850487 1.61647e-32 0.149513 0.850487 1.61647e-32 0.149513 0.367879 0 0.895612 0 0.788958 0 
1 6 0 1.40836 1.40836 74.6489 0.850487 4.65122e-33 0.149513 0.850487 4.65122e-33 0.149513 0.367879 0 0.95867 0 0.788958 0 
1 6 0 1.45799 1.45799 74.6489 0.850487 -4.92736e-34 0.149513 0.850487 -4.92736e-34 0.149513 0.367879 0 1 0 0.788958 0 
2 6 0 1.61799 1.61799 74.6489 0.850487 -7.32754e-33 0.149513 0.850487 -7.32754e-33 0.149513 0.367879 0 1.14577 0 0.788958 0 
2 6 0 1.93799 1.93799 74.6489 0.850487 -1.4543e-33 0.149513 0.850487 -1.4543e-33 0.149513 0.367879 0 1.50416 0 0.788958 0 
2 6 0 2.43799 2.43799 74.6489 0.850487 3.90277e-33 0.149513 0.850487 3.90277e-33 0.149513 0.367879 0 2.30131 0 0.788958 0 
4 -7 0 1.38326 1.38326 5.17669 0.896434 -0.890031 1.2072 0.896434 -0.890031 1.2072 0.367879 0 2.30131 0 0.788958 0 
4 -7 0 1.38326 1.38326 5.17669 0.896434 -0.890031 1.2072 0.896434 -0.890031 1.2072 0.367879 0 2.30131 0 0.788958 0 
4 -17 0 0.960662 0.960662 4.91369 1.29078 -0.756722 0.647559 1.29078 -0.756722 0.647559 0.367879 0 2.30131 0 0.788958 0 
4 -17 0 0.960662 0.960662 4.91369 1.29078 -0.756722 0.647559 1.29078 -0.756722 0.647559 0.367879 0 2.30131 0 0.788958 0 
